1
2
13
14
15
441
148
147
149
169
239
489
16
10
9
53
54
449
462
74
85
86
12
11
183
255
184
307
87
88
89
90
433
456
91
92
207
206
268
269
270
311
383
50
46
47
105
48
49
398
405
478
460
459
29
28
273
171
103
101
102
139
140
141
104
170
172
322
323
330
390
391
395
416
429
313
312
52
51
136
135
56
55
168
61
60
62
164
213
198
197
199
274
275
200
201
354
355
165
166
64
63
106
71
70
214
191
190
192
215
153
152
245
216
219
217
182
180
181
243
244
281
424
368
247
246
248
365
366
367
369
370
445
450
451
452
474
475
476
490
218
19
17
18
20
21
72
73
119
120
254
295
296
297
331
332
333
380
334
386
328
327
138
137
430
272
271
431
443
444
346
344
345
418
419
420
376
375
377
482
278
267
266
236
235
426
425
481
487
387
388
24
22
23
335
304
303
318
317
319
283
282
6
5
132
31
30
336
483
225
224
337
338
339
340
341
396
80
79
81
163
178
179
249
252
324
325
287
286
316
212
211
360
361
432
434
466
362
371
223
222
374
238
237
134
133
392
446
402
403
406
407
468
401
400
189
185
186
226
415
414
187
188
209
208
329
279
280
348
349
350
351
352
300
299
68
67
118
117
265
264
155
154
379
301
284
110
109
111
210
108
107
240
241
256
455
454
493
257
242
457
285
423
471
234
233
305
302
260
258
259
463
358
359
393
251
250
8
7
428
310
289
288
113
112
290
291
353
453
480
408
485
66
65
417
26
25
27
124
125
399
373
372
100
99
326
76
75
422
78
77
114
438
461
467
488
439
469
409
410
447
448
167
196
195
347
479
146
142
143
33
32
131
232
394
144
145
472
343
342
421
221
220
494
177
378
458
309
308
157
156
158
389
94
93
83
82
84
150
151
159
160
161
253
162
193
194
98
96
97
116
115
277
356
384
385
230
227
228
261
231
44
43
45
229
37
36
38
39
40
41
42
298
306
473
315
314
130
129
484
294
292
293
321
320
58
57
59
121
122
123
436
174
173
175
397
204
202
203
4
3
69
262
263
205
437
176
404
357
363
364
276
127
126
128
382
381
411
35
34
440
486
412
470
413
95
427
435
491
442
465
464
477
492
1
